13 1.068e-01 5.874e+00
11 1.187e-01 6.466e+00
12 1.301e-01 7.056e+00
14 1.410e-01 7.655e+00
17 1.508e-01 8.258e+00
20 1.595e-01 8.823e+00
24 1.665e-01 9.342e+00
28 1.715e-01 9.815e+00
31 1.748e-01 1.029e+01
32 1.769e-01 1.076e+01
34 1.785e-01 1.122e+01
34 1.796e-01 1.164e+01
34 1.806e-01 1.205e+01
31 1.823e-01 1.245e+01
30 1.845e-01 1.284e+01
33 1.862e-01 1.321e+01
36 1.867e-01 1.356e+01
36 1.866e-01 1.392e+01
32 1.874e-01 1.429e+01
30 1.891e-01 1.469e+01
30 1.912e-01 1.511e+01
235 1.936e-01 1.554e+01
500 1.956e-01 1.596e+01
