0 2.700e-01 12 4.120e-02 2.652e+00
1 2.760e-01 10 5.602e-02 3.407e+00
2 2.820e-01 12 7.067e-02 4.179e+00
3 2.880e-01 15 8.498e-02 4.948e+00
4 2.940e-01 19 9.866e-02 5.673e+00
5 3.000e-01 33 1.109e-01 6.380e+00
6 3.060e-01 93 1.138e-01 6.895e+00
7 3.120e-01 100 1.152e-01 7.253e+00
8 3.180e-01 121 1.132e-01 7.394e+00
9 3.240e-01 79 1.149e-01 7.719e+00
10 3.300e-01 86 1.171e-01 8.092e+00
11 3.360e-01 97 1.178e-01 8.555e+00
12 3.420e-01 133 1.151e-01 9.130e+00
13 3.480e-01 175 1.158e-01 9.610e+00
14 3.540e-01 96 1.152e-01 1.002e+01
15 3.600e-01 90 1.173e-01 1.059e+01
16 3.660e-01 118 1.150e-01 1.086e+01
17 3.720e-01 167 1.166e-01 1.126e+01
18 3.780e-01 106 1.189e-01 1.173e+01
19 3.840e-01 115 1.199e-01 1.212e+01
20 3.900e-01 109 1.188e-01 1.234e+01
21 3.960e-01 118 1.189e-01 1.262e+01
22 4.020e-01 95 1.196e-01 1.298e+01
23 4.080e-01 126 1.204e-01 1.349e+01
24 4.140e-01 90 1.212e-01 1.400e+01
25 4.200e-01 82 1.254e-01 1.461e+01
26 4.260e-01 97 1.256e-01 1.538e+01
27 4.320e-01 87 1.289e-01 1.618e+01
28 4.380e-01 104 1.279e-01 1.711e+01
29 4.440e-01 113 1.311e-01 1.804e+01
30 4.500e-01 116 1.319e-01 1.902e+01
31 4.560e-01 103 1.344e-01 1.998e+01
32 4.620e-01 104 1.383e-01 2.091e+01
33 4.680e-01 119 1.387e-01 2.195e+01
34 4.740e-01 93 1.423e-01 2.298e+01
35 4.800e-01 115 1.467e-01 2.397e+01
36 4.860e-01 110 1.487e-01 2.500e+01
37 4.920e-01 136 1.521e-01 2.602e+01
38 4.980e-01 100 1.548e-01 2.709e+01
39 5.040e-01 117 1.580e-01 2.811e+01
40 5.100e-01 75 1.639e-01 2.909e+01
41 5.160e-01 120 1.641e-01 3.013e+01
42 5.220e-01 95 1.679e-01 3.113e+01
43 5.280e-01 95 1.718e-01 3.214e+01
44 5.340e-01 111 1.744e-01 3.310e+01
45 5.400e-01 108 1.789e-01 3.400e+01
46 5.460e-01 119 1.804e-01 3.486e+01
47 5.520e-01 101 1.837e-01 3.573e+01
48 5.580e-01 126 1.844e-01 3.658e+01
49 5.640e-01 105 1.871e-01 3.736e+01
50 5.700e-01 137 1.899e-01 3.813e+01
51 5.760e-01 77 1.940e-01 3.893e+01
52 5.820e-01 95 1.962e-01 3.975e+01
53 5.880e-01 113 1.978e-01 4.060e+01
54 5.940e-01 94 2.000e-01 4.140e+01
55 6.000e-01 88 2.038e-01 4.222e+01
56 6.060e-01 102 2.066e-01 4.304e+01
57 6.120e-01 105 2.080e-01 4.389e+01
58 6.180e-01 117 2.098e-01 4.479e+01
59 6.240e-01 106 2.127e-01 4.568e+01
60 6.300e-01 105 2.152e-01 4.652e+01
61 6.360e-01 80 2.192e-01 4.738e+01
62 6.420e-01 117 2.212e-01 4.828e+01
63 6.480e-01 108 2.237e-01 4.918e+01
64 6.540e-01 88 2.270e-01 5.007e+01
65 6.600e-01 110 2.300e-01 5.098e+01
66 6.660e-01 75 2.339e-01 5.189e+01
67 6.720e-01 157 2.360e-01 5.281e+01
68 6.780e-01 117 2.380e-01 5.367e+01
69 6.840e-01 90 2.410e-01 5.449e+01
70 6.900e-01 80 2.438e-01 5.528e+01
71 6.960e-01 112 2.464e-01 5.606e+01
72 7.020e-01 123 2.487e-01 5.683e+01
73 7.080e-01 107 2.513e-01 5.764e+01
74 7.140e-01 72 2.551e-01 5.845e+01
75 7.200e-01 102 2.594e-01 5.927e+01
76 7.260e-01 89 2.619e-01 6.014e+01
77 7.320e-01 106 2.637e-01 6.102e+01
78 7.380e-01 78 2.673e-01 6.190e+01
79 7.440e-01 107 2.693e-01 6.281e+01
80 7.500e-01 83 2.728e-01 6.370e+01
81 7.560e-01 95 2.766e-01 6.456e+01
82 7.620e-01 180 2.785e-01 6.543e+01
83 7.680e-01 105 2.821e-01 6.631e+01
84 7.740e-01 110 2.846e-01 6.724e+01
85 7.800e-01 106 2.880e-01 6.815e+01
86 7.860e-01 75 2.922e-01 6.907e+01
87 7.920e-01 107 2.965e-01 6.998e+01
88 7.980e-01 116 3.003e-01 7.090e+01
89 8.040e-01 95 3.034e-01 7.185e+01
90 8.100e-01 132 3.063e-01 7.279e+01
91 8.160e-01 95 3.107e-01 7.371e+01
92 8.220e-01 86 3.142e-01 7.466e+01
93 8.280e-01 121 3.176e-01 7.560e+01
94 8.340e-01 124 3.213e-01 7.654e+01
95 8.400e-01 88 3.251e-01 7.748e+01
96 8.460e-01 127 3.298e-01 7.840e+01
97 8.520e-01 112 3.313e-01 7.931e+01
98 8.580e-01 104 3.343e-01 8.021e+01
99 8.640e-01 82 3.390e-01 8.109e+01
100 8.700e-01 126 3.421e-01 8.202e+01
101 8.760e-01 96 3.463e-01 8.295e+01
102 8.820e-01 117 3.495e-01 8.389e+01
103 8.880e-01 92 3.534e-01 8.483e+01
104 8.940e-01 91 3.575e-01 8.576e+01
105 9.000e-01 131 3.607e-01 8.671e+01
106 9.060e-01 130 3.641e-01 8.765e+01
107 9.120e-01 87 3.683e-01 8.858e+01
108 9.180e-01 107 3.719e-01 8.952e+01
109 9.240e-01 101 3.752e-01 9.048e+01
110 9.300e-01 99 3.788e-01 9.143e+01
111 9.360e-01 107 3.824e-01 9.234e+01
112 9.420e-01 87 3.860e-01 9.321e+01
113 9.480e-01 172 3.895e-01 9.406e+01
114 9.540e-01 76 3.932e-01 9.491e+01
115 9.600e-01 143 3.963e-01 9.577e+01
116 9.660e-01 90 4.003e-01 9.662e+01
117 9.720e-01 95 4.032e-01 9.749e+01
118 9.780e-01 104 4.067e-01 9.834e+01
119 9.840e-01 137 4.100e-01 9.919e+01
120 9.900e-01 87 4.139e-01 1.001e+02
121 9.960e-01 98 4.166e-01 1.009e+02
122 1.002e+00 106 4.198e-01 1.018e+02
