48 1.114e-01 6.204e+00
112 1.108e-01 6.363e+00
78 1.124e-01 6.617e+00
92 1.137e-01 6.967e+00
101 1.141e-01 7.402e+00
96 1.142e-01 7.833e+00
75 1.151e-01 8.230e+00
55 1.178e-01 8.596e+00
114 1.195e-01 9.009e+00
120 1.171e-01 9.619e+00
61 1.195e-01 1.005e+01
67 1.217e-01 1.048e+01
150 1.200e-01 1.104e+01
102 1.202e-01 1.156e+01
155 1.203e-01 1.210e+01
75 1.216e-01 1.260e+01
93 1.229e-01 1.302e+01
85 1.228e-01 1.340e+01
113 1.238e-01 1.376e+01
84 1.244e-01 1.411e+01
88 1.256e-01 1.446e+01
108 1.250e-01 1.480e+01
81 1.262e-01 1.516e+01
78 1.274e-01 1.555e+01
92 1.290e-01 1.590e+01
102 1.277e-01 1.622e+01
88 1.272e-01 1.646e+01
70 1.293e-01 1.677e+01
82 1.307e-01 1.708e+01
71 1.322e-01 1.739e+01
66 1.343e-01 1.769e+01
98 1.350e-01 1.795e+01
120 1.340e-01 1.817e+01
74 1.350e-01 1.840e+01
123 1.351e-01 1.865e+01
125 1.350e-01 1.891e+01
103 1.331e-01 1.925e+01
59 1.356e-01 1.957e+01
60 1.381e-01 1.990e+01
127 1.387e-01 2.018e+01
115 1.373e-01 2.044e+01
83 1.379e-01 2.070e+01
118 1.371e-01 2.094e+01
