0 2.700e-01 11 4.598e-02 4.016e+00
1 2.721e-01 8 5.139e-02 4.432e+00
2 2.742e-01 8 5.679e-02 4.814e+00
3 2.763e-01 8 6.218e-02 5.173e+00
4 2.784e-01 9 6.755e-02 5.518e+00
5 2.805e-01 9 7.291e-02 5.857e+00
6 2.826e-01 10 7.824e-02 6.195e+00
7 2.847e-01 10 8.355e-02 6.522e+00
8 2.868e-01 11 8.883e-02 6.852e+00
9 2.889e-01 12 9.407e-02 7.193e+00
10 2.910e-01 13 9.926e-02 7.531e+00
11 2.931e-01 14 1.044e-01 7.856e+00
12 2.952e-01 16 1.094e-01 8.188e+00
13 2.973e-01 19 1.143e-01 8.518e+00
14 2.994e-01 23 1.190e-01 8.848e+00
15 3.015e-01 33 1.233e-01 9.182e+00
16 3.036e-01 254 1.043e-01 8.559e+00
17 3.057e-01 93 1.068e-01 8.827e+00
18 3.078e-01 107 1.065e-01 9.127e+00
19 3.099e-01 80 1.055e-01 9.533e+00
20 3.120e-01 58 1.090e-01 9.898e+00
21 3.141e-01 157 1.031e-01 9.973e+00
22 3.162e-01 77 1.058e-01 1.026e+01
23 3.183e-01 68 1.081e-01 1.054e+01
24 3.204e-01 178 1.055e-01 1.093e+01
25 3.225e-01 135 1.048e-01 1.132e+01
26 3.246e-01 86 1.061e-01 1.171e+01
27 3.267e-01 102 1.068e-01 1.204e+01
28 3.288e-01 67 1.093e-01 1.237e+01
29 3.309e-01 155 1.057e-01 1.278e+01
30 3.330e-01 108 1.072e-01 1.317e+01
31 3.351e-01 118 1.067e-01 1.341e+01
32 3.372e-01 75 1.087e-01 1.375e+01
33 3.393e-01 94 1.107e-01 1.412e+01
34 3.414e-01 190 1.074e-01 1.461e+01
35 3.435e-01 105 1.089e-01 1.504e+01
36 3.456e-01 80 1.106e-01 1.547e+01
37 3.477e-01 94 1.119e-01 1.587e+01
38 3.498e-01 277 1.084e-01 1.632e+01
39 3.519e-01 62 1.114e-01 1.670e+01
40 3.540e-01 77 1.138e-01 1.711e+01
41 3.561e-01 104 1.108e-01 1.772e+01
42 3.582e-01 97 1.136e-01 1.813e+01
43 3.603e-01 83 1.115e-01 1.871e+01
44 3.624e-01 92 1.097e-01 1.927e+01
45 3.645e-01 125 1.108e-01 1.973e+01
46 3.666e-01 68 1.121e-01 2.022e+01
47 3.687e-01 115 1.148e-01 2.064e+01
48 3.708e-01 85 1.137e-01 2.120e+01
49 3.729e-01 97 1.148e-01 2.168e+01
50 3.750e-01 120 1.133e-01 2.222e+01
51 3.771e-01 233 1.122e-01 2.279e+01
52 3.792e-01 58 1.153e-01 2.323e+01
53 3.813e-01 75 1.180e-01 2.368e+01
54 3.834e-01 130 1.155e-01 2.427e+01
55 3.855e-01 323 1.142e-01 2.481e+01
56 3.876e-01 51 1.176e-01 2.523e+01
57 3.897e-01 120 1.157e-01 2.586e+01
58 3.918e-01 58 1.190e-01 2.629e+01
59 3.939e-01 75 1.180e-01 2.686e+01
60 3.960e-01 94 1.210e-01 2.730e+01
61 3.981e-01 88 1.213e-01 2.783e+01
62 4.002e-01 83 1.206e-01 2.839e+01
63 4.023e-01 108 1.230e-01 2.885e+01
64 4.044e-01 107 1.209e-01 2.946e+01
65 4.065e-01 98 1.201e-01 3.003e+01
66 4.086e-01 64 1.230e-01 3.050e+01
67 4.107e-01 50 1.264e-01 3.095e+01
68 4.128e-01 117 1.242e-01 3.153e+01
69 4.149e-01 156 1.228e-01 3.214e+01
70 4.170e-01 88 1.247e-01 3.262e+01
71 4.191e-01 104 1.257e-01 3.312e+01
72 4.212e-01 86 1.281e-01 3.359e+01
73 4.233e-01 191 1.277e-01 3.411e+01
74 4.254e-01 50 1.310e-01 3.455e+01
75 4.275e-01 195 1.276e-01 3.500e+01
76 4.296e-01 148 1.275e-01 3.543e+01
77 4.317e-01 65 1.300e-01 3.584e+01
78 4.338e-01 119 1.303e-01 3.632e+01
79 4.359e-01 50 1.336e-01 3.675e+01
80 4.380e-01 144 1.320e-01 3.728e+01
81 4.401e-01 115 1.343e-01 3.773e+01
82 4.422e-01 70 1.354e-01 3.822e+01
83 4.443e-01 146 1.322e-01 3.881e+01
84 4.464e-01 58 1.355e-01 3.925e+01
85 4.485e-01 93 1.352e-01 3.977e+01
86 4.506e-01 185 1.326e-01 4.036e+01
87 4.527e-01 70 1.349e-01 4.084e+01
88 4.548e-01 109 1.365e-01 4.132e+01
89 4.569e-01 111 1.386e-01 4.179e+01
90 4.590e-01 137 1.383e-01 4.232e+01
91 4.611e-01 111 1.398e-01 4.281e+01
92 4.632e-01 74 1.421e-01 4.327e+01
93 4.653e-01 98 1.414e-01 4.383e+01
94 4.674e-01 220 1.413e-01 4.438e+01
95 4.695e-01 63 1.444e-01 4.484e+01
96 4.716e-01 84 1.447e-01 4.539e+01
97 4.737e-01 135 1.452e-01 4.591e+01
98 4.758e-01 140 1.467e-01 4.641e+01
99 4.779e-01 147 1.481e-01 4.692e+01
100 4.800e-01 67 1.495e-01 4.744e+01
101 4.821e-01 106 1.521e-01 4.792e+01
102 4.842e-01 147 1.518e-01 4.847e+01
103 4.863e-01 128 1.531e-01 4.898e+01
104 4.884e-01 96 1.549e-01 4.948e+01
105 4.905e-01 103 1.568e-01 4.998e+01
106 4.926e-01 132 1.572e-01 5.052e+01
107 4.947e-01 71 1.601e-01 5.099e+01
108 4.968e-01 121 1.591e-01 5.156e+01
109 4.989e-01 65 1.603e-01 5.209e+01
110 5.010e-01 70 1.632e-01 5.256e+01
111 5.031e-01 153 1.604e-01 5.321e+01
112 5.052e-01 182 1.621e-01 5.372e+01
113 5.073e-01 58 1.648e-01 5.420e+01
114 5.094e-01 154 1.643e-01 5.476e+01
115 5.115e-01 99 1.655e-01 5.528e+01
116 5.136e-01 69 1.683e-01 5.576e+01
117 5.157e-01 88 1.693e-01 5.629e+01
118 5.178e-01 58 1.723e-01 5.676e+01
119 5.199e-01 169 1.700e-01 5.738e+01
120 5.220e-01 118 1.718e-01 5.788e+01
121 5.241e-01 197 1.730e-01 5.839e+01
122 5.262e-01 111 1.740e-01 5.891e+01
123 5.283e-01 148 1.753e-01 5.942e+01
124 5.304e-01 113 1.768e-01 5.992e+01
125 5.325e-01 68 1.786e-01 6.043e+01
126 5.346e-01 87 1.787e-01 6.098e+01
127 5.367e-01 152 1.789e-01 6.152e+01
128 5.388e-01 55 1.818e-01 6.199e+01
129 5.409e-01 75 1.823e-01 6.253e+01
130 5.430e-01 43 1.854e-01 6.301e+01
131 5.451e-01 173 1.849e-01 6.359e+01
132 5.472e-01 70 1.871e-01 6.409e+01
133 5.493e-01 176 1.873e-01 6.465e+01
134 5.514e-01 118 1.873e-01 6.522e+01
135 5.535e-01 83 1.894e-01 6.573e+01
136 5.556e-01 97 1.896e-01 6.629e+01
137 5.577e-01 46 1.926e-01 6.677e+01
138 5.598e-01 116 1.922e-01 6.735e+01
139 5.619e-01 106 1.925e-01 6.790e+01
140 5.640e-01 60 1.953e-01 6.840e+01
141 5.661e-01 57 1.978e-01 6.890e+01
142 5.682e-01 114 1.980e-01 6.947e+01
143 5.703e-01 129 1.999e-01 6.998e+01
144 5.724e-01 115 1.999e-01 7.055e+01
145 5.745e-01 60 2.025e-01 7.105e+01
146 5.766e-01 143 2.019e-01 7.162e+01
147 5.787e-01 192 2.035e-01 7.215e+01
148 5.808e-01 274 2.039e-01 7.270e+01
149 5.829e-01 39 2.070e-01 7.320e+01
150 5.850e-01 63 2.096e-01 7.370e+01
151 5.871e-01 93 2.095e-01 7.428e+01
152 5.892e-01 109 2.096e-01 7.484e+01
153 5.913e-01 73 2.120e-01 7.535e+01
154 5.934e-01 344 2.121e-01 7.590e+01
155 5.955e-01 81 2.141e-01 7.642e+01
156 5.976e-01 74 2.151e-01 7.696e+01
157 5.997e-01 58 2.178e-01 7.746e+01
158 6.018e-01 149 2.177e-01 7.803e+01
159 6.039e-01 81 2.199e-01 7.854e+01
160 6.060e-01 72 2.219e-01 7.905e+01
161 6.081e-01 133 2.217e-01 7.962e+01
162 6.102e-01 63 2.238e-01 8.014e+01
163 6.123e-01 137 2.250e-01 8.068e+01
164 6.144e-01 129 2.252e-01 8.125e+01
165 6.165e-01 103 2.268e-01 8.177e+01
166 6.186e-01 57 2.295e-01 8.226e+01
167 6.207e-01 113 2.294e-01 8.283e+01
168 6.228e-01 185 2.300e-01 8.338e+01
169 6.249e-01 68 2.326e-01 8.388e+01
170 6.270e-01 71 2.334e-01 8.442e+01
171 6.291e-01 54 2.362e-01 8.492e+01
172 6.312e-01 103 2.368e-01 8.546e+01
173 6.333e-01 97 2.386e-01 8.597e+01
174 6.354e-01 78 2.396e-01 8.651e+01
175 6.375e-01 140 2.402e-01 8.705e+01
176 6.396e-01 152 2.418e-01 8.757e+01
177 6.417e-01 121 2.430e-01 8.810e+01
178 6.438e-01 108 2.444e-01 8.862e+01
179 6.459e-01 108 2.456e-01 8.915e+01
180 6.480e-01 133 2.477e-01 8.966e+01
181 6.501e-01 77 2.491e-01 9.017e+01
182 6.522e-01 71 2.515e-01 9.067e+01
183 6.543e-01 107 2.506e-01 9.126e+01
184 6.564e-01 235 2.518e-01 9.179e+01
185 6.585e-01 96 2.535e-01 9.231e+01
186 6.606e-01 127 2.545e-01 9.284e+01
187 6.627e-01 143 2.553e-01 9.337e+01
188 6.648e-01 111 2.568e-01 9.389e+01
189 6.669e-01 105 2.585e-01 9.441e+01
190 6.690e-01 102 2.601e-01 9.492e+01
191 6.711e-01 104 2.620e-01 9.542e+01
192 6.732e-01 104 2.628e-01 9.595e+01
193 6.753e-01 79 2.647e-01 9.645e+01
194 6.774e-01 141 2.648e-01 9.700e+01
195 6.795e-01 95 2.668e-01 9.749e+01
196 6.816e-01 140 2.671e-01 9.803e+01
197 6.837e-01 92 2.690e-01 9.853e+01
198 6.858e-01 127 2.696e-01 9.906e+01
199 6.879e-01 72 2.719e-01 9.956e+01
200 6.900e-01 153 2.721e-01 1.001e+02
201 6.921e-01 89 2.739e-01 1.006e+02
202 6.942e-01 128 2.743e-01 1.011e+02
203 6.963e-01 47 2.768e-01 1.016e+02
204 6.984e-01 115 2.770e-01 1.022e+02
205 7.005e-01 132 2.788e-01 1.027e+02
206 7.026e-01 59 2.810e-01 1.032e+02
207 7.047e-01 148 2.821e-01 1.037e+02
208 7.068e-01 73 2.841e-01 1.042e+02
209 7.089e-01 115 2.836e-01 1.048e+02
210 7.110e-01 136 2.844e-01 1.053e+02
211 7.131e-01 48 2.869e-01 1.058e+02
212 7.152e-01 206 2.872e-01 1.063e+02
213 7.173e-01 61 2.890e-01 1.068e+02
214 7.194e-01 56 2.914e-01 1.073e+02
215 7.215e-01 108 2.930e-01 1.078e+02
216 7.236e-01 114 2.922e-01 1.083e+02
217 7.257e-01 86 2.938e-01 1.088e+02
218 7.278e-01 122 2.948e-01 1.093e+02
219 7.299e-01 77 2.969e-01 1.098e+02
220 7.320e-01 100 2.978e-01 1.103e+02
221 7.341e-01 91 2.992e-01 1.108e+02
222 7.362e-01 97 2.999e-01 1.113e+02
223 7.383e-01 68 3.019e-01 1.118e+02
224 7.404e-01 80 3.038e-01 1.123e+02
225 7.425e-01 113 3.039e-01 1.128e+02
226 7.446e-01 128 3.048e-01 1.132e+02
227 7.467e-01 223 3.051e-01 1.137e+02
228 7.488e-01 104 3.069e-01 1.142e+02
229 7.509e-01 151 3.077e-01 1.147e+02
230 7.530e-01 96 3.082e-01 1.152e+02
231 7.551e-01 185 3.093e-01 1.157e+02
232 7.572e-01 41 3.117e-01 1.162e+02
233 7.593e-01 66 3.138e-01 1.167e+02
234 7.614e-01 253 3.130e-01 1.172e+02
235 7.635e-01 75 3.144e-01 1.177e+02
236 7.656e-01 116 3.150e-01 1.182e+02
237 7.677e-01 51 3.173e-01 1.186e+02
238 7.698e-01 100 3.179e-01 1.191e+02
239 7.719e-01 61 3.200e-01 1.196e+02
240 7.740e-01 423 3.195e-01 1.201e+02
241 7.761e-01 80 3.212e-01 1.205e+02
242 7.782e-01 100 3.228e-01 1.210e+02
243 7.803e-01 73 3.245e-01 1.215e+02
244 7.824e-01 142 3.260e-01 1.220e+02
245 7.845e-01 109 3.263e-01 1.224e+02
246 7.866e-01 102 3.273e-01 1.229e+02
247 7.887e-01 140 3.276e-01 1.233e+02
248 7.908e-01 215 3.277e-01 1.238e+02
249 7.929e-01 45 3.299e-01 1.243e+02
250 7.950e-01 248 3.309e-01 1.248e+02
251 7.971e-01 66 3.327e-01 1.252e+02
252 7.992e-01 94 3.336e-01 1.257e+02
253 8.013e-01 94 3.348e-01 1.262e+02
254 8.034e-01 128 3.350e-01 1.266e+02
255 8.055e-01 96 3.361e-01 1.271e+02
256 8.076e-01 150 3.375e-01 1.275e+02
257 8.097e-01 122 3.380e-01 1.280e+02
258 8.118e-01 89 3.393e-01 1.284e+02
259 8.139e-01 100 3.408e-01 1.289e+02
260 8.160e-01 116 3.410e-01 1.293e+02
261 8.181e-01 102 3.424e-01 1.297e+02
262 8.202e-01 89 3.439e-01 1.302e+02
263 8.223e-01 119 3.442e-01 1.306e+02
264 8.244e-01 86 3.458e-01 1.311e+02
265 8.265e-01 215 3.464e-01 1.315e+02
266 8.286e-01 52 3.484e-01 1.320e+02
267 8.307e-01 121 3.497e-01 1.324e+02
268 8.328e-01 116 3.499e-01 1.328e+02
269 8.349e-01 189 3.508e-01 1.333e+02
270 8.370e-01 201 3.514e-01 1.337e+02
271 8.391e-01 99 3.527e-01 1.341e+02
272 8.412e-01 169 3.538e-01 1.346e+02
273 8.433e-01 93 3.548e-01 1.350e+02
274 8.454e-01 62 3.567e-01 1.354e+02
275 8.475e-01 163 3.562e-01 1.359e+02
276 8.496e-01 84 3.575e-01 1.363e+02
277 8.517e-01 43 3.596e-01 1.367e+02
278 8.538e-01 126 3.596e-01 1.372e+02
279 8.559e-01 147 3.602e-01 1.376e+02
280 8.580e-01 141 3.618e-01 1.380e+02
281 8.601e-01 59 3.634e-01 1.385e+02
282 8.622e-01 55 3.653e-01 1.389e+02
283 8.643e-01 124 3.658e-01 1.394e+02
284 8.664e-01 116 3.671e-01 1.398e+02
285 8.685e-01 201 3.680e-01 1.403e+02
286 8.706e-01 152 3.675e-01 1.407e+02
287 8.727e-01 73 3.694e-01 1.412e+02
288 8.748e-01 156 3.700e-01 1.416e+02
289 8.769e-01 120 3.715e-01 1.420e+02
290 8.790e-01 79 3.727e-01 1.425e+02
291 8.811e-01 79 3.734e-01 1.430e+02
292 8.832e-01 54 3.754e-01 1.434e+02
293 8.853e-01 175 3.766e-01 1.438e+02
294 8.874e-01 116 3.768e-01 1.443e+02
295 8.895e-01 136 3.785e-01 1.448e+02
296 8.916e-01 63 3.795e-01 1.452e+02
297 8.937e-01 48 3.816e-01 1.457e+02
298 8.958e-01 103 3.830e-01 1.461e+02
299 8.979e-01 133 3.826e-01 1.466e+02
300 9.000e-01 99 3.835e-01 1.470e+02
301 9.021e-01 52 3.856e-01 1.475e+02
302 9.042e-01 92 3.865e-01 1.480e+02
303 9.063e-01 196 3.876e-01 1.484e+02
304 9.084e-01 84 3.891e-01 1.489e+02
305 9.105e-01 70 3.909e-01 1.493e+02
306 9.126e-01 156 3.905e-01 1.498e+02
307 9.147e-01 122 3.923e-01 1.502e+02
308 9.168e-01 114 3.936e-01 1.507e+02
309 9.189e-01 122 3.943e-01 1.512e+02
310 9.210e-01 119 3.957e-01 1.516e+02
311 9.231e-01 145 3.967e-01 1.521e+02
312 9.252e-01 124 3.980e-01 1.526e+02
313 9.273e-01 122 3.991e-01 1.530e+02
314 9.294e-01 93 4.007e-01 1.535e+02
315 9.315e-01 84 4.022e-01 1.539e+02
316 9.336e-01 80 4.034e-01 1.544e+02
317 9.357e-01 116 4.042e-01 1.549e+02
318 9.378e-01 134 4.050e-01 1.554e+02
319 9.399e-01 92 4.068e-01 1.558e+02
320 9.420e-01 87 4.078e-01 1.563e+02
321 9.441e-01 53 4.097e-01 1.567e+02
322 9.462e-01 123 4.102e-01 1.572e+02
323 9.483e-01 222 4.113e-01 1.577e+02
324 9.504e-01 171 4.125e-01 1.582e+02
325 9.525e-01 93 4.139e-01 1.586e+02
326 9.546e-01 75 4.157e-01 1.591e+02
327 9.567e-01 100 4.167e-01 1.596e+02
328 9.588e-01 101 4.179e-01 1.600e+02
329 9.609e-01 60 4.198e-01 1.605e+02
330 9.630e-01 103 4.204e-01 1.610e+02
331 9.651e-01 81 4.217e-01 1.615e+02
332 9.672e-01 239 4.222e-01 1.620e+02
333 9.693e-01 67 4.241e-01 1.624e+02
334 9.714e-01 87 4.251e-01 1.629e+02
335 9.735e-01 94 4.269e-01 1.634e+02
336 9.756e-01 79 4.281e-01 1.638e+02
337 9.777e-01 94 4.290e-01 1.643e+02
338 9.798e-01 159 4.297e-01 1.648e+02
339 9.819e-01 102 4.315e-01 1.653e+02
340 9.840e-01 110 4.328e-01 1.658e+02
341 9.861e-01 91 4.338e-01 1.662e+02
342 9.882e-01 194 4.344e-01 1.667e+02
343 9.903e-01 78 4.361e-01 1.672e+02
344 9.924e-01 62 4.381e-01 1.677e+02
345 9.945e-01 92 4.392e-01 1.681e+02
346 9.966e-01 62 4.410e-01 1.686e+02
347 9.987e-01 170 4.416e-01 1.691e+02
348 1.001e+00 359 4.425e-01 1.696e+02
