0 21 1.108e-01 5.652e+00
1 20 1.191e-01 6.156e+00
2 31 1.261e-01 6.633e+00
3 170 1.112e-01 7.295e+00
4 60 1.084e-01 8.011e+00
5 60 1.114e-01 8.751e+00
6 89 1.097e-01 9.164e+00
7 89 1.076e-01 9.895e+00
8 68 1.108e-01 1.047e+01
9 49 1.124e-01 1.133e+01
10 204 1.101e-01 1.190e+01
11 74 1.139e-01 1.244e+01
12 47 1.164e-01 1.296e+01
13 165 1.131e-01 1.372e+01
14 45 1.175e-01 1.432e+01
15 82 1.183e-01 1.495e+01
16 77 1.170e-01 1.555e+01
17 89 1.208e-01 1.614e+01
18 60 1.224e-01 1.660e+01
19 75 1.238e-01 1.714e+01
20 143 1.242e-01 1.765e+01
21 205 1.201e-01 1.807e+01
22 66 1.240e-01 1.855e+01
23 62 1.258e-01 1.903e+01
24 67 1.290e-01 1.953e+01
25 95 1.311e-01 2.007e+01
26 53 1.295e-01 2.074e+01
27 63 1.340e-01 2.132e+01
28 71 1.341e-01 2.187e+01
29 72 1.362e-01 2.243e+01
30 72 1.376e-01 2.300e+01
31 71 1.367e-01 2.363e+01
32 88 1.405e-01 2.422e+01
33 66 1.394e-01 2.489e+01
34 100 1.409e-01 2.556e+01
35 62 1.435e-01 2.622e+01
36 62 1.481e-01 2.685e+01
37 94 1.467e-01 2.754e+01
38 97 1.489e-01 2.819e+01
39 71 1.510e-01 2.887e+01
40 107 1.531e-01 2.954e+01
41 56 1.564e-01 3.017e+01
42 113 1.562e-01 3.078e+01
43 60 1.597e-01 3.135e+01
44 83 1.621e-01 3.203e+01
45 73 1.633e-01 3.266e+01
46 65 1.671e-01 3.323e+01
47 102 1.672e-01 3.390e+01
48 53 1.717e-01 3.447e+01
49 69 1.743e-01 3.503e+01
50 128 1.739e-01 3.569e+01
51 83 1.761e-01 3.627e+01
52 83 1.778e-01 3.689e+01
53 69 1.805e-01 3.750e+01
54 96 1.803e-01 3.818e+01
55 58 1.846e-01 3.877e+01
56 64 1.871e-01 3.937e+01
57 52 1.882e-01 3.991e+01
58 119 1.872e-01 4.046e+01
59 45 1.918e-01 4.102e+01
60 86 1.917e-01 4.163e+01
61 49 1.961e-01 4.220e+01
62 93 1.957e-01 4.288e+01
63 40 2.005e-01 4.346e+01
64 64 2.006e-01 4.409e+01
65 109 2.027e-01 4.470e+01
66 47 2.060e-01 4.530e+01
67 114 2.067e-01 4.587e+01
68 47 2.105e-01 4.643e+01
69 98 2.107e-01 4.693e+01
70 64 2.115e-01 4.743e+01
71 59 2.147e-01 4.794e+01
72 81 2.156e-01 4.847e+01
73 74 2.171e-01 4.904e+01
74 148 2.187e-01 4.956e+01
75 59 2.222e-01 5.009e+01
76 55 2.234e-01 5.059e+01
77 76 2.243e-01 5.110e+01
78 47 2.282e-01 5.163e+01
79 79 2.282e-01 5.218e+01
80 59 2.307e-01 5.271e+01
81 55 2.342e-01 5.325e+01
82 79 2.341e-01 5.382e+01
83 72 2.354e-01 5.438e+01
84 121 2.375e-01 5.489e+01
85 94 2.391e-01 5.539e+01
86 58 2.410e-01 5.591e+01
87 91 2.415e-01 5.649e+01
88 60 2.442e-01 5.704e+01
89 63 2.447e-01 5.757e+01
90 96 2.466e-01 5.809e+01
91 86 2.484e-01 5.866e+01
92 65 2.501e-01 5.923e+01
93 140 2.509e-01 5.981e+01
94 44 2.546e-01 6.036e+01
95 59 2.556e-01 6.096e+01
96 115 2.572e-01 6.155e+01
97 42 2.610e-01 6.210e+01
98 86 2.613e-01 6.270e+01
99 47 2.644e-01 6.328e+01
100 83 2.651e-01 6.393e+01
101 37 2.693e-01 6.450e+01
102 66 2.703e-01 6.515e+01
103 50 2.742e-01 6.573e+01
104 79 2.751e-01 6.637e+01
105 79 2.776e-01 6.698e+01
106 70 2.802e-01 6.760e+01
107 59 2.831e-01 6.820e+01
108 55 2.866e-01 6.880e+01
109 78 2.871e-01 6.946e+01
110 86 2.888e-01 7.010e+01
111 52 2.926e-01 7.070e+01
112 60 2.941e-01 7.134e+01
113 92 2.959e-01 7.193e+01
