0 27 1.154e-01 8.256e+00
1 29 1.211e-01 8.647e+00
2 78 1.246e-01 8.997e+00
3 144 1.050e-01 8.484e+00
4 83 1.044e-01 8.531e+00
5 152 1.060e-01 8.720e+00
6 94 1.055e-01 8.894e+00
7 74 1.072e-01 9.176e+00
8 103 1.092e-01 9.437e+00
9 79 1.097e-01 9.632e+00
10 156 1.073e-01 9.793e+00
11 95 1.086e-01 1.011e+01
12 148 1.072e-01 1.054e+01
13 135 1.072e-01 1.103e+01
14 92 1.063e-01 1.155e+01
15 80 1.066e-01 1.193e+01
16 123 1.049e-01 1.224e+01
17 56 1.085e-01 1.268e+01
18 98 1.076e-01 1.322e+01
19 72 1.069e-01 1.368e+01
20 149 1.044e-01 1.397e+01
21 63 1.083e-01 1.434e+01
22 140 1.046e-01 1.457e+01
23 60 1.085e-01 1.495e+01
24 55 1.082e-01 1.520e+01
25 48 1.123e-01 1.560e+01
26 97 1.137e-01 1.599e+01
27 118 1.099e-01 1.640e+01
28 88 1.082e-01 1.674e+01
29 58 1.106e-01 1.712e+01
30 222 1.090e-01 1.741e+01
31 85 1.097e-01 1.773e+01
32 97 1.111e-01 1.807e+01
33 94 1.084e-01 1.849e+01
34 112 1.107e-01 1.891e+01
35 56 1.119e-01 1.947e+01
36 149 1.103e-01 2.002e+01
37 81 1.123e-01 2.050e+01
38 89 1.113e-01 2.097e+01
39 53 1.149e-01 2.138e+01
40 65 1.175e-01 2.183e+01
41 120 1.157e-01 2.224e+01
42 96 1.129e-01 2.256e+01
43 83 1.150e-01 2.293e+01
44 59 1.171e-01 2.328e+01
45 101 1.197e-01 2.365e+01
46 80 1.207e-01 2.402e+01
47 78 1.193e-01 2.442e+01
48 75 1.209e-01 2.479e+01
49 68 1.238e-01 2.517e+01
50 91 1.221e-01 2.562e+01
51 128 1.206e-01 2.597e+01
52 59 1.241e-01 2.640e+01
53 189 1.194e-01 2.697e+01
54 84 1.211e-01 2.744e+01
55 86 1.235e-01 2.795e+01
56 87 1.219e-01 2.851e+01
57 51 1.254e-01 2.896e+01
58 110 1.246e-01 2.950e+01
59 127 1.247e-01 2.997e+01
60 207 1.236e-01 3.054e+01
61 78 1.257e-01 3.104e+01
62 61 1.274e-01 3.151e+01
63 57 1.312e-01 3.197e+01
64 88 1.295e-01 3.244e+01
65 54 1.323e-01 3.289e+01
66 177 1.310e-01 3.339e+01
67 112 1.312e-01 3.382e+01
68 112 1.308e-01 3.421e+01
69 75 1.332e-01 3.462e+01
70 76 1.349e-01 3.503e+01
71 71 1.375e-01 3.546e+01
72 158 1.348e-01 3.589e+01
73 65 1.360e-01 3.636e+01
74 102 1.367e-01 3.687e+01
75 267 1.362e-01 3.739e+01
76 101 1.381e-01 3.787e+01
77 70 1.386e-01 3.837e+01
78 98 1.396e-01 3.887e+01
79 54 1.431e-01 3.933e+01
80 124 1.421e-01 3.979e+01
81 56 1.433e-01 4.022e+01
82 117 1.428e-01 4.069e+01
83 55 1.463e-01 4.113e+01
84 90 1.468e-01 4.160e+01
85 86 1.465e-01 4.204e+01
86 93 1.468e-01 4.253e+01
87 150 1.460e-01 4.301e+01
88 69 1.469e-01 4.342e+01
89 68 1.504e-01 4.386e+01
90 168 1.487e-01 4.429e+01
91 59 1.512e-01 4.472e+01
92 90 1.509e-01 4.517e+01
93 92 1.526e-01 4.559e+01
94 83 1.539e-01 4.601e+01
95 103 1.526e-01 4.643e+01
96 120 1.539e-01 4.687e+01
97 98 1.550e-01 4.732e+01
98 59 1.573e-01 4.776e+01
99 56 1.604e-01 4.820e+01
100 82 1.594e-01 4.858e+01
101 160 1.578e-01 4.899e+01
102 87 1.595e-01 4.939e+01
103 97 1.602e-01 4.979e+01
104 114 1.600e-01 5.017e+01
105 102 1.615e-01 5.058e+01
106 84 1.624e-01 5.101e+01
107 76 1.624e-01 5.141e+01
108 49 1.659e-01 5.183e+01
109 101 1.669e-01 5.224e+01
110 102 1.658e-01 5.265e+01
111 72 1.678e-01 5.308e+01
112 131 1.683e-01 5.353e+01
113 65 1.712e-01 5.398e+01
114 66 1.719e-01 5.440e+01
115 229 1.718e-01 5.485e+01
116 109 1.731e-01 5.527e+01
117 130 1.743e-01 5.571e+01
118 83 1.758e-01 5.616e+01
119 77 1.756e-01 5.663e+01
120 67 1.789e-01 5.707e+01
121 67 1.793e-01 5.748e+01
122 99 1.817e-01 5.793e+01
123 79 1.847e-01 5.838e+01
124 77 1.844e-01 5.886e+01
125 83 1.860e-01 5.934e+01
126 68 1.887e-01 5.981e+01
127 161 1.867e-01 6.034e+01
128 89 1.875e-01 6.084e+01
129 74 1.894e-01 6.133e+01
130 97 1.923e-01 6.181e+01
131 146 1.913e-01 6.235e+01
132 53 1.949e-01 6.283e+01
133 109 1.945e-01 6.338e+01
134 110 1.952e-01 6.391e+01
135 95 1.972e-01 6.441e+01
136 108 1.993e-01 6.490e+01
137 56 2.025e-01 6.538e+01
138 216 1.992e-01 6.596e+01
139 35 2.032e-01 6.643e+01
140 192 2.024e-01 6.697e+01
141 84 2.043e-01 6.747e+01
142 85 2.058e-01 6.798e+01
143 116 2.061e-01 6.850e+01
144 47 2.094e-01 6.898e+01
145 127 2.113e-01 6.949e+01
146 87 2.110e-01 7.004e+01
147 80 2.126e-01 7.055e+01
148 106 2.124e-01 7.109e+01
149 57 2.156e-01 7.158e+01
150 77 2.173e-01 7.209e+01
151 119 2.164e-01 7.261e+01
152 109 2.174e-01 7.313e+01
153 64 2.196e-01 7.364e+01
154 86 2.215e-01 7.416e+01
155 78 2.227e-01 7.470e+01
156 56 2.259e-01 7.520e+01
157 97 2.262e-01 7.576e+01
158 76 2.284e-01 7.627e+01
159 363 2.274e-01 7.685e+01
160 54 2.305e-01 7.735e+01
161 212 2.299e-01 7.792e+01
162 224 2.315e-01 7.846e+01
163 81 2.336e-01 7.898e+01
164 93 2.355e-01 7.950e+01
165 73 2.370e-01 8.001e+01
166 80 2.396e-01 8.051e+01
167 76 2.414e-01 8.101e+01
168 155 2.409e-01 8.149e+01
169 88 2.429e-01 8.197e+01
170 88 2.440e-01 8.245e+01
171 91 2.450e-01 8.291e+01
172 75 2.477e-01 8.339e+01
173 92 2.485e-01 8.386e+01
174 99 2.486e-01 8.433e+01
175 197 2.494e-01 8.481e+01
176 178 2.513e-01 8.528e+01
177 156 2.518e-01 8.578e+01
178 50 2.547e-01 8.626e+01
179 201 2.552e-01 8.679e+01
180 55 2.579e-01 8.729e+01
181 86 2.581e-01 8.782e+01
182 128 2.588e-01 8.835e+01
183 72 2.615e-01 8.885e+01
184 64 2.624e-01 8.938e+01
185 77 2.649e-01 8.988e+01
186 311 2.635e-01 9.037e+01
187 40 2.666e-01 9.086e+01
188 179 2.666e-01 9.134e+01
189 68 2.685e-01 9.181e+01
190 113 2.699e-01 9.229e+01
191 92 2.719e-01 9.277e+01
192 62 2.727e-01 9.323e+01
193 115 2.738e-01 9.370e+01
194 112 2.750e-01 9.421e+01
195 69 2.772e-01 9.469e+01
196 244 2.786e-01 9.516e+01
197 73 2.805e-01 9.565e+01
198 61 2.830e-01 9.613e+01
199 134 2.825e-01 9.664e+01
200 84 2.842e-01 9.714e+01
201 107 2.852e-01 9.766e+01
202 60 2.866e-01 9.817e+01
203 108 2.889e-01 9.867e+01
204 120 2.899e-01 9.919e+01
205 77 2.914e-01 9.971e+01
206 76 2.938e-01 1.002e+02
207 74 2.953e-01 1.007e+02
208 129 2.969e-01 1.013e+02
209 79 2.985e-01 1.018e+02
210 110 3.010e-01 1.024e+02
211 111 3.035e-01 1.029e+02
212 82 3.066e-01 1.035e+02
213 171 3.083e-01 1.040e+02
214 190 3.114e-01 1.046e+02
215 86 3.152e-01 1.051e+02
216 205 3.177e-01 1.057e+02
217 100 3.207e-01 1.063e+02
218 88 3.252e-01 1.068e+02
219 80 3.285e-01 1.074e+02
220 166 3.307e-01 1.080e+02
221 118 3.347e-01 1.086e+02
222 118 3.381e-01 1.092e+02
223 126 3.415e-01 1.097e+02
224 85 3.455e-01 1.103e+02
225 138 3.480e-01 1.109e+02
226 72 3.515e-01 1.115e+02
227 128 3.536e-01 1.121e+02
228 73 3.561e-01 1.127e+02
229 52 3.603e-01 1.133e+02
