0 173 1.140e-01 9.007e+00
1 123 1.150e-01 9.204e+00
2 132 1.150e-01 9.390e+00
3 85 1.164e-01 9.596e+00
4 96 1.179e-01 9.808e+00
5 202 1.160e-01 1.007e+01
6 82 1.175e-01 1.032e+01
7 337 1.160e-01 1.049e+01
8 96 1.170e-01 1.070e+01
9 139 1.179e-01 1.092e+01
10 137 1.163e-01 1.120e+01
11 179 1.172e-01 1.147e+01
12 185 1.157e-01 1.182e+01
13 157 1.147e-01 1.218e+01
14 95 1.161e-01 1.245e+01
15 202 1.160e-01 1.275e+01
16 162 1.154e-01 1.308e+01
17 88 1.168e-01 1.336e+01
18 116 1.180e-01 1.365e+01
19 172 1.175e-01 1.398e+01
20 104 1.187e-01 1.427e+01
21 135 1.167e-01 1.464e+01
22 90 1.182e-01 1.492e+01
23 244 1.176e-01 1.524e+01
24 105 1.181e-01 1.554e+01
25 294 1.171e-01 1.592e+01
26 114 1.166e-01 1.628e+01
27 147 1.177e-01 1.659e+01
28 158 1.173e-01 1.692e+01
29 136 1.176e-01 1.724e+01
30 226 1.151e-01 1.759e+01
31 159 1.158e-01 1.787e+01
32 144 1.157e-01 1.822e+01
33 256 1.142e-01 1.863e+01
34 104 1.153e-01 1.894e+01
35 78 1.170e-01 1.922e+01
36 85 1.187e-01 1.949e+01
