0 82 1.147e-01 7.484e+00
1 102 1.129e-01 7.684e+00
2 96 1.146e-01 7.933e+00
3 110 1.145e-01 8.243e+00
4 120 1.124e-01 8.739e+00
5 91 1.136e-01 9.046e+00
6 298 1.120e-01 9.434e+00
7 128 1.109e-01 9.779e+00
8 81 1.125e-01 1.008e+01
9 114 1.136e-01 1.040e+01
10 84 1.147e-01 1.074e+01
11 78 1.164e-01 1.104e+01
12 139 1.158e-01 1.142e+01
13 129 1.165e-01 1.177e+01
14 111 1.142e-01 1.224e+01
15 77 1.162e-01 1.260e+01
16 82 1.179e-01 1.296e+01
17 90 1.191e-01 1.333e+01
18 183 1.172e-01 1.368e+01
19 111 1.170e-01 1.405e+01
20 152 1.166e-01 1.439e+01
21 125 1.168e-01 1.475e+01
22 96 1.179e-01 1.514e+01
23 84 1.194e-01 1.552e+01
24 85 1.210e-01 1.590e+01
25 143 1.208e-01 1.635e+01
26 72 1.225e-01 1.673e+01
27 187 1.210e-01 1.714e+01
28 125 1.216e-01 1.750e+01
29 185 1.194e-01 1.787e+01
30 109 1.194e-01 1.819e+01
31 78 1.209e-01 1.850e+01
32 89 1.228e-01 1.881e+01
33 169 1.221e-01 1.907e+01
34 104 1.219e-01 1.932e+01
35 85 1.233e-01 1.959e+01
36 106 1.242e-01 1.986e+01
37 83 1.253e-01 2.014e+01
38 185 1.240e-01 2.038e+01
39 114 1.236e-01 2.062e+01
40 109 1.235e-01 2.085e+01
41 174 1.227e-01 2.106e+01
42 115 1.230e-01 2.128e+01
43 115 1.232e-01 2.150e+01
44 87 1.245e-01 2.173e+01
45 74 1.265e-01 2.198e+01
46 159 1.242e-01 2.220e+01
47 77 1.257e-01 2.245e+01
48 105 1.270e-01 2.271e+01
49 164 1.242e-01 2.292e+01
50 124 1.243e-01 2.314e+01
51 127 1.244e-01 2.335e+01
52 87 1.253e-01 2.357e+01
53 67 1.274e-01 2.380e+01
54 66 1.296e-01 2.405e+01
55 209 1.259e-01 2.421e+01
56 123 1.258e-01 2.441e+01
57 91 1.266e-01 2.463e+01
58 170 1.271e-01 2.485e+01
59 137 1.264e-01 2.506e+01
60 133 1.261e-01 2.530e+01
61 116 1.265e-01 2.556e+01
62 122 1.271e-01 2.583e+01
63 89 1.281e-01 2.611e+01
64 98 1.296e-01 2.637e+01
65 99 1.300e-01 2.662e+01
66 89 1.316e-01 2.688e+01
67 119 1.316e-01 2.719e+01
68 115 1.307e-01 2.751e+01
69 164 1.307e-01 2.783e+01
70 91 1.318e-01 2.815e+01
71 105 1.329e-01 2.846e+01
72 93 1.338e-01 2.878e+01
73 106 1.348e-01 2.911e+01
74 86 1.361e-01 2.943e+01
75 337 1.341e-01 2.981e+01
76 79 1.351e-01 3.015e+01
77 152 1.348e-01 3.051e+01
78 121 1.355e-01 3.087e+01
79 107 1.364e-01 3.122e+01
80 99 1.376e-01 3.156e+01
81 182 1.369e-01 3.193e+01
82 113 1.375e-01 3.229e+01
83 104 1.385e-01 3.262e+01
84 114 1.393e-01 3.296e+01
85 95 1.403e-01 3.331e+01
86 133 1.408e-01 3.366e+01
87 120 1.403e-01 3.402e+01
88 107 1.414e-01 3.436e+01
89 134 1.420e-01 3.470e+01
90 100 1.424e-01 3.503e+01
91 79 1.442e-01 3.536e+01
92 113 1.455e-01 3.571e+01
93 136 1.438e-01 3.613e+01
94 95 1.447e-01 3.649e+01
95 120 1.457e-01 3.684e+01
96 83 1.468e-01 3.719e+01
97 78 1.486e-01 3.753e+01
98 110 1.495e-01 3.786e+01
99 97 1.501e-01 3.818e+01
100 75 1.518e-01 3.851e+01
101 172 1.494e-01 3.881e+01
102 163 1.484e-01 3.911e+01
103 115 1.486e-01 3.940e+01
104 128 1.488e-01 3.969e+01
105 104 1.495e-01 3.998e+01
106 97 1.507e-01 4.027e+01
107 122 1.512e-01 4.056e+01
108 129 1.513e-01 4.084e+01
109 89 1.517e-01 4.112e+01
110 222 1.528e-01 4.139e+01
111 149 1.522e-01 4.164e+01
112 84 1.534e-01 4.190e+01
113 98 1.547e-01 4.217e+01
114 134 1.554e-01 4.245e+01
115 144 1.549e-01 4.272e+01
116 97 1.560e-01 4.300e+01
117 118 1.567e-01 4.326e+01
118 79 1.580e-01 4.352e+01
119 159 1.584e-01 4.379e+01
120 212 1.570e-01 4.406e+01
121 114 1.576e-01 4.434e+01
122 128 1.573e-01 4.460e+01
123 117 1.579e-01 4.486e+01
124 79 1.593e-01 4.513e+01
125 72 1.612e-01 4.539e+01
126 78 1.628e-01 4.566e+01
127 143 1.628e-01 4.591e+01
128 110 1.636e-01 4.616e+01
129 106 1.622e-01 4.639e+01
130 94 1.636e-01 4.665e+01
131 170 1.623e-01 4.690e+01
132 130 1.630e-01 4.717e+01
133 117 1.630e-01 4.744e+01
134 90 1.644e-01 4.771e+01
135 101 1.651e-01 4.799e+01
136 127 1.657e-01 4.826e+01
137 139 1.657e-01 4.853e+01
138 80 1.668e-01 4.880e+01
139 70 1.687e-01 4.908e+01
140 180 1.667e-01 4.939e+01
141 129 1.670e-01 4.970e+01
142 79 1.685e-01 4.999e+01
143 142 1.695e-01 5.030e+01
144 85 1.704e-01 5.061e+01
145 147 1.704e-01 5.092e+01
146 70 1.720e-01 5.121e+01
147 63 1.741e-01 5.149e+01
148 79 1.758e-01 5.178e+01
149 131 1.756e-01 5.207e+01
150 137 1.748e-01 5.238e+01
151 92 1.757e-01 5.269e+01
152 187 1.762e-01 5.301e+01
153 119 1.754e-01 5.335e+01
154 81 1.770e-01 5.366e+01
155 83 1.786e-01 5.397e+01
156 203 1.768e-01 5.428e+01
157 73 1.786e-01 5.458e+01
158 115 1.793e-01 5.489e+01
159 138 1.785e-01 5.521e+01
160 83 1.800e-01 5.552e+01
161 109 1.811e-01 5.583e+01
162 84 1.823e-01 5.613e+01
163 125 1.823e-01 5.644e+01
164 111 1.829e-01 5.674e+01
165 104 1.838e-01 5.704e+01
166 83 1.850e-01 5.733e+01
167 79 1.864e-01 5.763e+01
168 162 1.864e-01 5.792e+01
169 85 1.873e-01 5.820e+01
170 89 1.885e-01 5.849e+01
171 148 1.883e-01 5.878e+01
172 125 1.883e-01 5.907e+01
173 118 1.884e-01 5.935e+01
174 109 1.887e-01 5.963e+01
175 84 1.900e-01 5.990e+01
176 148 1.891e-01 6.020e+01
177 154 1.889e-01 6.049e+01
178 90 1.894e-01 6.077e+01
179 92 1.907e-01 6.105e+01
180 119 1.906e-01 6.131e+01
181 130 1.904e-01 6.156e+01
182 108 1.908e-01 6.183e+01
183 116 1.912e-01 6.211e+01
184 101 1.921e-01 6.238e+01
185 160 1.905e-01 6.261e+01
186 111 1.908e-01 6.287e+01
187 101 1.914e-01 6.313e+01
188 97 1.922e-01 6.339e+01
189 102 1.930e-01 6.364e+01
190 98 1.938e-01 6.390e+01
191 110 1.937e-01 6.415e+01
192 91 1.948e-01 6.441e+01
193 185 1.936e-01 6.465e+01
194 84 1.946e-01 6.491e+01
195 82 1.958e-01 6.517e+01
196 81 1.969e-01 6.543e+01
197 88 1.980e-01 6.568e+01
198 135 1.975e-01 6.592e+01
199 129 1.979e-01 6.617e+01
200 144 1.977e-01 6.641e+01
201 127 1.980e-01 6.666e+01
202 136 1.984e-01 6.691e+01
203 118 1.985e-01 6.716e+01
204 88 1.995e-01 6.742e+01
205 105 2.000e-01 6.767e+01
206 80 2.013e-01 6.792e+01
207 133 2.011e-01 6.816e+01
208 108 2.018e-01 6.841e+01
209 112 2.020e-01 6.865e+01
210 107 2.028e-01 6.890e+01
211 103 2.035e-01 6.915e+01
212 103 2.044e-01 6.940e+01
213 179 2.037e-01 6.963e+01
214 119 2.040e-01 6.988e+01
215 123 2.040e-01 7.011e+01
216 82 2.053e-01 7.036e+01
217 74 2.067e-01 7.061e+01
218 91 2.079e-01 7.085e+01
219 113 2.087e-01 7.109e+01
220 139 2.077e-01 7.132e+01
221 90 2.087e-01 7.157e+01
222 101 2.095e-01 7.181e+01
223 118 2.104e-01 7.206e+01
224 158 2.089e-01 7.229e+01
225 126 2.097e-01 7.253e+01
226 134 2.100e-01 7.277e+01
227 103 2.106e-01 7.301e+01
228 103 2.117e-01 7.326e+01
229 81 2.128e-01 7.351e+01
230 121 2.138e-01 7.375e+01
231 122 2.142e-01 7.399e+01
232 182 2.142e-01 7.422e+01
233 100 2.148e-01 7.445e+01
234 80 2.161e-01 7.469e+01
235 75 2.175e-01 7.493e+01
236 99 2.187e-01 7.517e+01
237 161 2.180e-01 7.538e+01
238 122 2.181e-01 7.561e+01
239 83 2.192e-01 7.584e+01
240 133 2.200e-01 7.607e+01
241 120 2.197e-01 7.630e+01
242 99 2.208e-01 7.653e+01
243 149 2.209e-01 7.676e+01
244 125 2.211e-01 7.699e+01
245 130 2.215e-01 7.723e+01
246 102 2.221e-01 7.747e+01
247 137 2.225e-01 7.770e+01
248 97 2.230e-01 7.793e+01
249 156 2.235e-01 7.817e+01
250 118 2.240e-01 7.841e+01
251 104 2.247e-01 7.864e+01
252 94 2.257e-01 7.887e+01
253 120 2.263e-01 7.910e+01
254 74 2.275e-01 7.934e+01
255 128 2.285e-01 7.957e+01
256 115 2.285e-01 7.979e+01
257 93 2.294e-01 8.003e+01
258 175 2.295e-01 8.025e+01
259 89 2.303e-01 8.048e+01
260 149 2.299e-01 8.070e+01
261 121 2.305e-01 8.094e+01
262 129 2.306e-01 8.117e+01
263 94 2.315e-01 8.140e+01
264 116 2.323e-01 8.164e+01
265 98 2.329e-01 8.188e+01
266 95 2.340e-01 8.212e+01
267 160 2.334e-01 8.234e+01
268 131 2.335e-01 8.256e+01
269 74 2.346e-01 8.279e+01
270 159 2.350e-01 8.302e+01
271 74 2.362e-01 8.325e+01
272 151 2.361e-01 8.347e+01
273 200 2.357e-01 8.370e+01
274 104 2.360e-01 8.392e+01
275 73 2.372e-01 8.415e+01
276 77 2.386e-01 8.438e+01
277 164 2.386e-01 8.460e+01
278 140 2.385e-01 8.481e+01
279 145 2.387e-01 8.503e+01
280 92 2.394e-01 8.525e+01
281 80 2.407e-01 8.547e+01
282 81 2.420e-01 8.570e+01
283 129 2.418e-01 8.591e+01
284 158 2.420e-01 8.613e+01
285 157 2.414e-01 8.633e+01
286 86 2.422e-01 8.655e+01
287 93 2.435e-01 8.677e+01
288 107 2.439e-01 8.699e+01
289 165 2.439e-01 8.719e+01
290 77 2.449e-01 8.741e+01
291 69 2.463e-01 8.764e+01
292 103 2.473e-01 8.786e+01
293 170 2.475e-01 8.806e+01
294 85 2.485e-01 8.828e+01
295 327 2.477e-01 8.850e+01
296 151 2.482e-01 8.872e+01
297 99 2.484e-01 8.894e+01
298 67 2.498e-01 8.917e+01
299 155 2.491e-01 8.938e+01
300 90 2.501e-01 8.960e+01
301 121 2.508e-01 8.982e+01
302 116 2.507e-01 9.007e+01
303 95 2.517e-01 9.030e+01
304 171 2.514e-01 9.053e+01
305 126 2.514e-01 9.076e+01
306 89 2.524e-01 9.099e+01
307 123 2.529e-01 9.122e+01
308 106 2.537e-01 9.145e+01
309 116 2.541e-01 9.168e+01
310 143 2.543e-01 9.190e+01
311 94 2.549e-01 9.212e+01
312 119 2.559e-01 9.235e+01
313 94 2.566e-01 9.258e+01
314 119 2.568e-01 9.281e+01
315 143 2.570e-01 9.304e+01
316 115 2.575e-01 9.326e+01
317 148 2.577e-01 9.349e+01
318 129 2.575e-01 9.370e+01
319 110 2.578e-01 9.392e+01
320 67 2.593e-01 9.415e+01
321 166 2.587e-01 9.438e+01
322 88 2.597e-01 9.460e+01
323 84 2.608e-01 9.483e+01
324 206 2.606e-01 9.505e+01
325 77 2.615e-01 9.528e+01
326 78 2.628e-01 9.551e+01
327 157 2.632e-01 9.573e+01
328 93 2.637e-01 9.596e+01
329 170 2.634e-01 9.620e+01
330 73 2.645e-01 9.643e+01
331 188 2.648e-01 9.666e+01
332 104 2.655e-01 9.688e+01
333 125 2.657e-01 9.710e+01
334 73 2.668e-01 9.733e+01
335 240 2.670e-01 9.755e+01
336 113 2.674e-01 9.778e+01
337 76 2.685e-01 9.802e+01
338 211 2.678e-01 9.823e+01
339 122 2.682e-01 9.845e+01
340 133 2.686e-01 9.868e+01
341 82 2.695e-01 9.891e+01
342 84 2.707e-01 9.915e+01
343 180 2.705e-01 9.936e+01
344 98 2.712e-01 9.958e+01
345 111 2.717e-01 9.980e+01
346 116 2.724e-01 1.000e+02
347 106 2.726e-01 1.002e+02
348 208 2.722e-01 1.004e+02
349 73 2.732e-01 1.007e+02
350 83 2.745e-01 1.009e+02
351 143 2.738e-01 1.011e+02
352 78 2.748e-01 1.013e+02
353 126 2.749e-01 1.015e+02
354 95 2.759e-01 1.018e+02
355 111 2.765e-01 1.020e+02
356 86 2.772e-01 1.022e+02
357 96 2.783e-01 1.024e+02
358 156 2.777e-01 1.026e+02
359 150 2.778e-01 1.028e+02
360 143 2.782e-01 1.031e+02
361 146 2.783e-01 1.033e+02
