17 1.061e-01 4.873e+00
16 1.176e-01 5.442e+00
22 1.276e-01 5.947e+00
49 1.330e-01 6.395e+00
64 1.160e-01 6.939e+00
59 1.175e-01 7.552e+00
56 1.199e-01 7.988e+00
68 1.237e-01 8.435e+00
77 1.214e-01 8.816e+00
45 1.267e-01 9.280e+00
49 1.248e-01 9.790e+00
106 1.227e-01 1.069e+01
48 1.272e-01 1.144e+01
38 1.337e-01 1.235e+01
96 1.310e-01 1.287e+01
53 1.337e-01 1.342e+01
47 1.395e-01 1.402e+01
72 1.381e-01 1.473e+01
64 1.383e-01 1.543e+01
91 1.409e-01 1.616e+01
64 1.461e-01 1.685e+01
57 1.449e-01 1.762e+01
52 1.483e-01 1.837e+01
34 1.555e-01 1.901e+01
70 1.561e-01 1.987e+01
60 1.599e-01 2.063e+01
55 1.632e-01 2.138e+01
104 1.649e-01 2.213e+01
48 1.699e-01 2.285e+01
46 1.729e-01 2.367e+01
77 1.754e-01 2.434e+01
49 1.781e-01 2.515e+01
57 1.833e-01 2.585e+01
47 1.846e-01 2.669e+01
65 1.903e-01 2.738e+01
60 1.921e-01 2.815e+01
64 1.950e-01 2.891e+01
55 1.988e-01 2.959e+01
59 2.003e-01 3.039e+01
102 2.043e-01 3.109e+01
67 2.077e-01 3.182e+01
74 2.119e-01 3.256e+01
54 2.150e-01 3.333e+01
94 2.172e-01 3.411e+01
60 2.223e-01 3.480e+01
49 2.275e-01 3.550e+01
55 2.300e-01 3.635e+01
73 2.342e-01 3.712e+01
60 2.376e-01 3.788e+01
141 2.411e-01 3.863e+01
54 2.438e-01 3.935e+01
56 2.484e-01 4.009e+01
51 2.515e-01 4.078e+01
47 2.564e-01 4.153e+01
52 2.599e-01 4.223e+01
65 2.640e-01 4.296e+01
63 2.695e-01 4.367e+01
53 2.735e-01 4.435e+01
64 2.765e-01 4.502e+01
116 2.814e-01 4.568e+01
93 2.849e-01 4.630e+01
76 2.907e-01 4.696e+01
41 2.958e-01 4.761e+01
63 2.981e-01 4.827e+01
111 3.007e-01 4.892e+01
43 3.064e-01 4.961e+01
88 3.091e-01 5.016e+01
60 3.109e-01 5.076e+01
51 3.126e-01 5.131e+01
63 3.151e-01 5.188e+01
46 3.185e-01 5.247e+01
56 3.215e-01 5.308e+01
61 3.230e-01 5.375e+01
48 3.252e-01 5.438e+01
68 3.270e-01 5.504e+01
44 3.306e-01 5.566e+01
57 3.326e-01 5.631e+01
